   0/272         7/7     0.684      1.26       115      1.15       118        11      1.88          0          0          0          0       99.3
   1/272         7/7     0.628     0.725      29.4     0.984      31.7        15    0.0886          0          0          0          0       56.2
   2/272         7/7     0.605     0.527      7.54     0.913      9.59        12    0.0938          0          0          0          0       21.5
   3/272         7/7     0.627     0.423      3.24     0.745      5.04        12    0.0969          0          0          0          0       10.9
   4/272         7/7     0.592     0.429       2.2     0.818      4.04        12    0.0939          0          0          0          0       6.16
   5/272         7/7     0.588     0.377      1.67     0.697      3.33        15    0.0954          0          0          0          0       4.03
   6/272         7/7     0.552     0.328      1.49     0.632         3        16    0.0956          0          0          0          0        3.5
   7/272         7/7     0.585     0.311       1.3     0.658      2.86        11    0.0993          0          0          0          0       3.36
   8/272         7/7     0.515     0.276      1.25     0.542      2.58        19    0.0976        0.5     0.0137     0.0137     0.0267       3.18
   9/272         7/7     0.535     0.277      1.14     0.493      2.44        17     0.093      0.536      0.067     0.0576      0.115       2.91
  10/272         7/7     0.529     0.248       1.1     0.436      2.32        17    0.0961      0.452      0.067     0.0519      0.115       2.83
  11/272         7/7     0.508     0.223      1.14     0.557      2.43        10    0.0958      0.407      0.107     0.0874      0.161       2.72
  12/272         7/7     0.463     0.203      1.03     0.352      2.05        15    0.0957      0.467      0.126      0.109       0.19       2.56
  13/272         7/7     0.451     0.191      1.02     0.364      2.02        16    0.0919      0.528      0.112     0.0818      0.168       2.51
  14/272         7/7     0.414     0.188     0.966     0.353      1.92        13      0.11      0.444       0.19      0.158      0.264       2.36
  15/272         7/7     0.441     0.185     0.931     0.371      1.93        13    0.0927      0.442      0.184      0.158      0.253       2.32
  16/272         7/7     0.432     0.195     0.932     0.297      1.86        13    0.0949      0.395      0.241       0.19        0.3       2.28
  17/272         7/7     0.434     0.173      0.87     0.269      1.75        11    0.0954      0.311      0.221      0.174      0.258       2.26
  18/272         7/7     0.404     0.162     0.809     0.266      1.64        10    0.0927      0.413      0.282      0.238      0.335       2.17
  19/272         7/7     0.421     0.167     0.854     0.215      1.66        14    0.0936      0.351      0.262      0.208        0.3       2.15
  20/272         7/7     0.395     0.154     0.818     0.243      1.61        13    0.0923      0.336      0.334       0.25      0.335       2.12
  21/272         7/7     0.377     0.159      0.74     0.194      1.47        15    0.0953       0.43      0.286      0.215      0.344       2.12
  22/272         7/7     0.371      0.15     0.767      0.17      1.46        16    0.0914      0.444      0.337      0.258      0.383       2.02
  23/272         7/7     0.356     0.143     0.709     0.214      1.42        14    0.0954      0.395      0.363      0.239      0.377        2.1
  24/272         7/7     0.377     0.155     0.794     0.236      1.56        13    0.0957      0.407       0.35      0.273      0.375       1.96
  25/272         7/7     0.372     0.152     0.756     0.189      1.47        18    0.0957      0.425      0.366      0.271      0.389          2
  26/272         7/7     0.335      0.14     0.711     0.138      1.32        16    0.0937      0.438       0.39      0.285      0.409       1.96
  27/272         7/7     0.332     0.129     0.693     0.155      1.31        16    0.0951      0.431      0.421      0.316      0.425       1.96
  28/272         7/7     0.358     0.141     0.762     0.167      1.43        19    0.0938      0.472      0.435      0.345      0.452       1.86
  29/272         7/7     0.336      0.14     0.712     0.169      1.36        19    0.0937      0.502      0.407      0.311      0.448       1.88
  30/272         7/7     0.348     0.129     0.709     0.124      1.31        10    0.0919      0.449       0.44      0.327      0.443       1.89
  31/272         7/7     0.337     0.123     0.703     0.148      1.31        16    0.0933      0.442       0.44      0.332       0.44       1.86
  32/272         7/7     0.314     0.115     0.645      0.12       1.2        12     0.093      0.489      0.447      0.349      0.467       1.82
  33/272         7/7     0.303     0.112     0.615     0.128      1.16        12    0.0989      0.468      0.474      0.362      0.471       1.84
  34/272         7/7     0.304     0.118     0.631     0.147       1.2        12    0.0975      0.498      0.468      0.369       0.48       1.83
  35/272         7/7     0.312      0.12     0.707     0.145      1.28        19    0.0953      0.517      0.447       0.36      0.477       1.81
  36/272         7/7     0.303     0.116     0.653     0.127       1.2         7    0.0919      0.459      0.474      0.375      0.465       1.85
  37/272         7/7     0.287     0.104     0.591     0.106      1.09        18    0.0933      0.481      0.454      0.328      0.465       1.84
  38/272         7/7     0.309     0.104     0.618     0.109      1.14        13    0.0975      0.496      0.507      0.391      0.501       1.84
  39/272         7/7     0.285     0.111     0.593     0.109       1.1        14    0.0964      0.486      0.488      0.367      0.486       1.82
  40/272         7/7     0.286     0.119     0.609     0.126      1.14        14    0.0957      0.497      0.461       0.37      0.478       1.79
  41/272         7/7      0.28      0.11     0.616      0.12      1.13        13    0.0922      0.541      0.506      0.414       0.52       1.72
  42/272         7/7     0.278     0.113     0.596     0.106      1.09        17    0.0934       0.52      0.514      0.429       0.51       1.73
  43/272         7/7     0.263     0.104     0.587       0.1      1.05        17    0.0943      0.513      0.526      0.421      0.517        1.7
  44/272         7/7     0.266    0.0955     0.587    0.0865      1.04        11    0.0919      0.521      0.492      0.404      0.505       1.68
  45/272         7/7     0.287     0.096     0.617    0.0858      1.09        14    0.0926      0.509       0.53      0.434      0.519       1.66
  46/272         7/7     0.256    0.0992     0.521    0.0969     0.973        20    0.0963      0.575      0.504      0.414      0.537       1.67
  47/272         7/7     0.259    0.0943      0.56    0.0877         1        13    0.0958      0.618      0.544      0.462      0.578       1.64
  48/272         7/7      0.25    0.0901     0.538    0.0741     0.952        16    0.0952      0.512       0.57      0.459      0.539       1.66
  49/272         7/7     0.256    0.0952     0.559    0.0828     0.993        16    0.0934      0.489      0.577      0.465      0.529       1.65
  50/272         7/7     0.266    0.0961      0.57    0.0861      1.02        22    0.0939      0.488      0.556      0.438      0.517       1.58
  51/272         7/7     0.246    0.0953     0.506    0.0915     0.939        10    0.0968      0.465      0.568      0.447      0.507       1.63
  52/272         7/7     0.258    0.0936     0.572     0.081         1        15    0.0969      0.488      0.601      0.502      0.537       1.58
  53/272         7/7     0.232    0.0919     0.495    0.0805     0.899        20    0.0915      0.512      0.574      0.494       0.54       1.62
  54/272         7/7     0.258     0.103     0.567    0.0851      1.01        11       0.1      0.474      0.634      0.515       0.54       1.61
  55/272         7/7     0.245    0.0954     0.513    0.0596     0.913        14     0.101      0.491      0.606      0.524       0.54        1.6
  56/272         7/7     0.218    0.0882     0.506    0.0673     0.879         9    0.0973      0.506      0.589      0.496      0.541       1.58
  57/272         7/7     0.207    0.0943     0.526    0.0524      0.88        16    0.0968      0.511      0.561      0.481      0.534       1.61
  58/272         7/7      0.21    0.0887     0.484    0.0583     0.841        17    0.0913      0.531      0.586      0.488      0.556       1.57
  59/272         7/7     0.225    0.0931      0.49    0.0586     0.867        14     0.102      0.493      0.579      0.488      0.528       1.61
  60/272         7/7     0.219    0.0933     0.491    0.0652     0.869        10     0.103       0.49      0.587      0.497      0.531       1.59
  61/272         7/7     0.225    0.0886     0.497    0.0585     0.868        16    0.0901       0.48      0.563      0.442      0.515       1.61
  62/272         7/7     0.228    0.0965       0.5    0.0599     0.884        15    0.0963      0.505      0.589       0.48      0.542       1.58
  63/272         7/7     0.199    0.0776      0.46    0.0519     0.789        14    0.0903      0.466      0.575      0.444       0.51       1.64
  64/272         7/7     0.198    0.0865     0.483    0.0544     0.822        14    0.0931      0.475      0.632      0.499      0.538       1.57
  65/272         7/7     0.222    0.0876     0.497    0.0544     0.861        13    0.0969      0.502      0.608      0.463      0.547       1.54
  66/272         7/7     0.205    0.0886     0.476      0.06     0.829        14     0.096       0.47      0.554      0.459      0.507       1.58
  67/272         7/7       0.2     0.085       0.5     0.054      0.84        12     0.104      0.503      0.621      0.504      0.554       1.55
  68/272         7/7       0.2    0.0785     0.449    0.0543     0.782        12    0.0948      0.499      0.649      0.545      0.562       1.54
  69/272         7/7     0.199    0.0733     0.471     0.049     0.793        13       0.1      0.506      0.623      0.497      0.554       1.54
  70/272         7/7      0.19     0.074     0.459    0.0471      0.77        16    0.0993      0.515      0.618      0.485      0.561       1.52
  71/272         7/7     0.191    0.0778     0.426    0.0449      0.74        11    0.0941      0.504      0.623      0.489      0.555        1.5
  72/272         7/7     0.201    0.0807     0.473    0.0532     0.808        10    0.0962      0.483      0.609      0.478      0.533       1.49
  73/272         7/7     0.199    0.0779     0.442    0.0346     0.753        15    0.0918      0.476      0.589       0.47      0.521       1.53
  74/272         7/7     0.191    0.0857     0.475    0.0409     0.793        15    0.0915      0.474      0.649      0.501      0.542       1.52
  75/272         7/7      0.18    0.0903     0.425    0.0397     0.734        15     0.094      0.501      0.615       0.47      0.549       1.53
  76/272         7/7     0.185    0.0893     0.457    0.0377     0.769        13    0.0925      0.499      0.673      0.516       0.57       1.55
  77/272         7/7     0.174    0.0725      0.43    0.0382     0.715        21     0.116      0.488      0.611      0.484      0.542       1.53
  78/272         7/7     0.179    0.0752     0.427    0.0351     0.716        17    0.0948      0.463      0.608      0.478      0.525       1.53
  79/272         7/7     0.187    0.0827     0.418    0.0407     0.728        11    0.0979      0.479       0.57      0.458      0.518       1.52
  80/272         7/7     0.178    0.0849     0.422    0.0361      0.72        18    0.0934      0.487      0.564      0.454      0.523       1.52
  81/272         7/7      0.18    0.0868     0.421    0.0323      0.72        15    0.0971      0.523      0.583      0.468      0.552       1.45
  82/272         7/7     0.191    0.0814     0.438    0.0523     0.763        20    0.0948      0.466       0.63      0.517      0.535       1.43
  83/272         7/7     0.174     0.086     0.408    0.0371     0.706        16    0.0925      0.508      0.661      0.578      0.574       1.43
  84/272         7/7      0.17    0.0875     0.393     0.034     0.684        13    0.0966      0.475      0.624      0.495      0.539       1.45
  85/272         7/7     0.171    0.0855     0.416    0.0381     0.711        12    0.0945      0.501      0.623      0.526      0.552       1.45
  86/272         7/7     0.165    0.0806     0.384    0.0315     0.661        18     0.098      0.502       0.63      0.513      0.558       1.43
  87/272         7/7      0.17    0.0931     0.413    0.0364     0.713        18    0.0969        0.5      0.642      0.523       0.56       1.43
  88/272         7/7     0.145    0.0677     0.391    0.0341     0.639        15    0.0991      0.498      0.654      0.534      0.563       1.45
  89/272         7/7     0.164    0.0719     0.417    0.0417     0.694        11     0.097      0.493       0.63      0.523       0.55       1.45
  90/272         7/7     0.161    0.0713      0.41    0.0352     0.678        18    0.0968      0.521       0.65      0.535      0.579       1.45
  91/272         7/7     0.163    0.0656     0.392    0.0309     0.651        16    0.0947      0.554      0.656      0.542        0.6       1.42
  92/272         7/7     0.158    0.0622     0.378     0.026     0.624        19    0.0931       0.49      0.694      0.566      0.574       1.45
  93/272         7/7     0.151    0.0579     0.348    0.0269     0.584        14    0.0937      0.509      0.654      0.554      0.571       1.42
  94/272         7/7     0.155    0.0621     0.392    0.0309      0.64         9    0.0979      0.512      0.673      0.562      0.579       1.44
  95/272         7/7     0.161    0.0661     0.425    0.0332     0.686        18    0.0951      0.466      0.699      0.561      0.558       1.46
  96/272         7/7      0.16    0.0631     0.403    0.0262     0.652         9    0.0945      0.479      0.687      0.559      0.562       1.41
  97/272         7/7     0.156    0.0613     0.404    0.0291      0.65        14    0.0993      0.523      0.635      0.562      0.571        1.4
  98/272         7/7     0.157    0.0624       0.4    0.0245     0.644        16    0.0952      0.494      0.635      0.517      0.555       1.42
  99/272         7/7     0.151    0.0586     0.353    0.0243     0.586        20    0.0954      0.505      0.618      0.527      0.556       1.37
 100/272         7/7     0.147      0.06     0.334    0.0211     0.562        14    0.0931      0.529      0.642      0.545       0.58       1.41
 101/272         7/7     0.145    0.0595     0.371     0.024       0.6        17    0.0966      0.473      0.647      0.539      0.545       1.42
 102/272         7/7     0.142    0.0602     0.369    0.0237     0.595        17    0.0912      0.503      0.647      0.533      0.564       1.42
 103/272         7/7     0.141     0.063     0.372     0.028     0.604        16    0.0921      0.512      0.637      0.532      0.567       1.41
 104/272         7/7     0.146    0.0631     0.366    0.0228     0.598        15    0.0923      0.527      0.642      0.532      0.579        1.4
 105/272         7/7      0.14    0.0705     0.377    0.0254     0.613        16    0.0969      0.513      0.668      0.558      0.578       1.42
 106/272         7/7     0.143    0.0641     0.369    0.0224     0.598        11    0.0935      0.488      0.668      0.566      0.561       1.38
 107/272         7/7     0.134    0.0663     0.332    0.0202     0.552        13    0.0981      0.514      0.682       0.57      0.585        1.4
 108/272         7/7     0.137    0.0729     0.359    0.0221     0.592        18    0.0945      0.538      0.604      0.508      0.568       1.37
 109/272         7/7     0.155    0.0757     0.368    0.0271     0.626        13    0.0927      0.531      0.668      0.542       0.59       1.38
 110/272         7/7     0.151      0.07     0.382    0.0233     0.627        16    0.0948      0.511      0.698      0.572      0.586       1.35
 111/272         7/7     0.147    0.0713     0.358    0.0208     0.597        17     0.101      0.523      0.694       0.56      0.595       1.39
 112/272         7/7     0.157    0.0788     0.402    0.0253     0.662        14    0.0958      0.555      0.668       0.56      0.605       1.33
 113/272         7/7     0.124    0.0699     0.337    0.0275     0.558        17    0.0901      0.528      0.699      0.567      0.601        1.4
 114/272         7/7     0.127    0.0658     0.331     0.022     0.546        18    0.0926      0.544      0.661      0.544      0.596       1.36
 115/272         7/7     0.124    0.0596     0.337    0.0157     0.537        13    0.0943      0.546      0.685      0.582      0.605       1.37
 116/272         7/7      0.13    0.0616     0.349    0.0184      0.56        10    0.0928      0.517      0.696      0.592      0.586       1.32
 117/272         7/7     0.137    0.0653     0.357    0.0238     0.583        16     0.108      0.485      0.661      0.554      0.557       1.35
 118/272         7/7     0.137    0.0646     0.336    0.0211     0.558        14    0.0966       0.54      0.679      0.591      0.599       1.35
 119/272         7/7     0.131    0.0641      0.35    0.0173     0.562        16    0.0931      0.525       0.68      0.562      0.592       1.37
 120/272         7/7     0.122    0.0599     0.338    0.0183     0.537        13    0.0926      0.503      0.644      0.548      0.563       1.36
 121/272         7/7     0.123    0.0614     0.356    0.0176     0.558        13    0.0955      0.509      0.673       0.57      0.577       1.37
 122/272         7/7     0.128    0.0579      0.31    0.0212     0.517        13     0.095      0.515      0.679      0.591      0.582       1.34
 123/272         7/7     0.132     0.059     0.315    0.0194     0.526        12     0.094      0.543      0.647      0.542      0.585       1.33
 124/272         7/7     0.121    0.0606      0.31    0.0217     0.514        16    0.0972      0.564      0.692      0.581       0.62       1.32
 125/272         7/7     0.129    0.0582     0.331    0.0163     0.534        18     0.106      0.525      0.701      0.587      0.599        1.3
 126/272         7/7     0.143    0.0607     0.357    0.0193     0.579        14    0.0917       0.55      0.694      0.597      0.613       1.32
 127/272         7/7     0.137    0.0578     0.359      0.02     0.574        18    0.0942      0.552      0.699        0.6      0.617        1.3
 128/272         7/7     0.128    0.0534     0.324    0.0188     0.524        13    0.0918      0.518       0.68      0.587      0.585       1.34
 129/272         7/7      0.12    0.0595     0.321    0.0155     0.516        12    0.0954      0.557      0.666      0.583      0.602       1.33
 130/272         7/7     0.135     0.067     0.335    0.0182     0.555        19    0.0951      0.518       0.68       0.58      0.586       1.41
 131/272         7/7     0.128    0.0716     0.354    0.0167     0.571        14    0.0953      0.504      0.682      0.582      0.578       1.33
 132/272         7/7     0.118    0.0701     0.326    0.0214     0.535        15    0.0893      0.528      0.701      0.597      0.601        1.4
 133/272         7/7     0.115    0.0667     0.328    0.0183     0.528        16    0.0926      0.509      0.656      0.554      0.571       1.37
 134/272         7/7     0.118    0.0599     0.326    0.0178     0.521        15    0.0914      0.563       0.68      0.582      0.614       1.41
 135/272         7/7     0.116    0.0674     0.314    0.0143     0.511        12    0.0933      0.572       0.68      0.583       0.62       1.31
 136/272         7/7     0.114    0.0645     0.318    0.0141      0.51        14     0.112      0.521      0.683      0.581      0.589       1.32
 137/272         7/7      0.11    0.0568     0.333    0.0136     0.514        12    0.0916      0.532      0.718      0.628      0.607       1.29
 138/272         7/7      0.12    0.0546     0.337     0.018      0.53        17    0.0885      0.551      0.692      0.601      0.608       1.33
 139/272         7/7     0.134    0.0617     0.367    0.0185     0.582        20    0.0973      0.581      0.668      0.587      0.619       1.31
 140/272         7/7     0.112    0.0606     0.308    0.0161     0.497        14    0.0941       0.55      0.656      0.554      0.596       1.31
 141/272         7/7     0.114    0.0573     0.326    0.0163     0.514        16    0.0961      0.541      0.692        0.6      0.604       1.31
 142/272         7/7     0.108    0.0584     0.332    0.0204     0.519        17    0.0967      0.532      0.699       0.61      0.598       1.33
 143/272         7/7     0.119    0.0527     0.312    0.0158       0.5        12    0.0928      0.568      0.647      0.576        0.6       1.33
 144/272         7/7     0.108    0.0528     0.327    0.0154     0.503        15    0.0948      0.565      0.661      0.592      0.608       1.31
 145/272         7/7     0.102    0.0488     0.307    0.0163     0.474        19    0.0913      0.551      0.649      0.568      0.595       1.31
 146/272         7/7      0.11     0.053     0.313    0.0172     0.493        12     0.114      0.582      0.679      0.607      0.625       1.33
 147/272         7/7     0.106    0.0495     0.292    0.0141     0.461        16    0.0971      0.564      0.692      0.616      0.619       1.32
 148/272         7/7      0.11    0.0487      0.32     0.022     0.501        16    0.0923      0.545      0.675      0.582      0.602       1.32
 149/272         7/7     0.106    0.0476     0.343    0.0143     0.511        18    0.0958      0.564       0.68      0.608      0.615       1.37
 150/272         7/7    0.0925    0.0483     0.315    0.0158     0.471        16    0.0911      0.551      0.682      0.592      0.608       1.35
 151/272         7/7     0.106     0.048     0.282    0.0118     0.449        17    0.0946      0.538      0.687      0.605      0.602       1.33
 152/272         7/7       0.1    0.0501     0.284    0.0131     0.448        13    0.0947      0.551      0.713      0.635       0.62       1.32
 153/272         7/7     0.106    0.0543      0.33     0.019     0.509        12    0.0934      0.591      0.713      0.621      0.645       1.32
 154/272         7/7     0.115    0.0583     0.313    0.0145     0.501        11    0.0941      0.542      0.687      0.586      0.604       1.32
 155/272         7/7     0.108    0.0471     0.314    0.0125     0.482        17    0.0939      0.507      0.663      0.581      0.573       1.31
 156/272         7/7    0.0972    0.0485     0.335    0.0156     0.497        17    0.0931      0.515      0.668      0.593      0.578       1.31
 157/272         7/7     0.102    0.0488     0.295    0.0106     0.457        16    0.0932      0.564      0.679      0.612      0.613       1.34
 158/272         7/7     0.105     0.046     0.309    0.0135     0.473        20    0.0925      0.513      0.642      0.571      0.564       1.33
 159/272         7/7     0.111    0.0505     0.321    0.0131     0.495        18    0.0935      0.547      0.673      0.582      0.595       1.32
 160/272         7/7    0.0987    0.0459     0.288    0.0113     0.444        16     0.101      0.608       0.64      0.581      0.618       1.33
 161/272         7/7    0.0984    0.0477     0.311    0.0126     0.469        14    0.0944      0.582      0.694      0.611      0.629        1.3
 162/272         7/7     0.111     0.055     0.319    0.0139     0.498        14     0.098      0.553      0.725      0.638      0.623       1.29
 163/272         7/7      0.09    0.0503     0.295    0.0132     0.449        16    0.0948      0.589      0.711      0.638       0.64       1.27
 164/272         7/7    0.0943    0.0463     0.289    0.0142     0.444        15     0.095      0.543       0.65      0.565      0.586       1.28
 165/272         7/7    0.0919    0.0488     0.268   0.00946     0.418        18    0.0952      0.497      0.676       0.59       0.57       1.25
 166/272         7/7     0.103    0.0513     0.318    0.0128     0.485        18    0.0941      0.525      0.701      0.614      0.595       1.31
 167/272         7/7    0.0916    0.0508     0.309    0.0122     0.464        15    0.0945      0.535      0.656      0.573      0.586       1.28
 168/272         7/7     0.102     0.052     0.299     0.017      0.47        15     0.108      0.528      0.699      0.603        0.6       1.29
 169/272         7/7    0.0983    0.0524     0.308     0.011     0.469        15     0.094      0.502      0.682      0.602      0.575       1.27
 170/272         7/7     0.103    0.0559     0.305    0.0162      0.48        19    0.0941      0.571      0.704      0.629      0.625       1.34
 171/272         7/7     0.121    0.0531     0.289    0.0119     0.476        18    0.0929      0.609      0.679      0.608      0.639       1.32
 172/272         7/7     0.105    0.0568      0.29     0.015     0.467        17    0.0924      0.495      0.676      0.583       0.57       1.33
 173/272         7/7    0.0889    0.0494     0.276    0.0116     0.426        11    0.0992      0.474      0.682      0.591      0.557       1.29
 174/272         7/7    0.0917    0.0574     0.313    0.0249     0.487        10    0.0963      0.528      0.668      0.586      0.585       1.32
 175/272         7/7    0.0862    0.0503     0.286    0.0118     0.434        19    0.0924      0.579      0.656      0.572       0.61       1.33
 176/272         7/7    0.0975    0.0514     0.273    0.0116     0.433        13    0.0944      0.514      0.699      0.611      0.587       1.31
 177/272         7/7    0.0911    0.0484     0.284    0.0144     0.438        11    0.0954      0.524      0.699      0.625      0.594       1.28
 178/272         7/7    0.0865    0.0462     0.303    0.0102     0.446        18    0.0917      0.547       0.68       0.61      0.604       1.32
 179/272         7/7    0.0945    0.0498     0.343    0.0212     0.508        17    0.0932      0.508      0.661       0.58      0.572       1.29
 180/272         7/7    0.0941    0.0497     0.277    0.0215     0.442        17    0.0896       0.51      0.706      0.622       0.59       1.29
 181/272         7/7    0.0898    0.0442     0.274    0.0114     0.419        17    0.0951      0.541      0.675      0.615        0.6        1.3
 182/272         7/7    0.0943     0.046     0.309    0.0132     0.463        16    0.0954      0.566      0.687      0.617      0.618       1.28
 183/272         7/7    0.0871    0.0475     0.263    0.0153     0.413        12    0.0947      0.507      0.692      0.616      0.581        1.3
 184/272         7/7    0.0919    0.0501     0.285    0.0136      0.44         6     0.104      0.507      0.699      0.622      0.583       1.32
 185/272         7/7    0.0887    0.0461     0.265    0.0138     0.414        14    0.0944      0.576      0.687      0.618      0.622       1.36
 186/272         7/7    0.0837    0.0484     0.304    0.0111     0.447        14     0.105      0.525       0.68      0.588      0.591       1.35
 187/272         7/7     0.101    0.0437     0.267    0.0111     0.423        17    0.0935      0.513      0.706      0.622      0.593       1.38
 188/272         7/7    0.0969    0.0459     0.303    0.0135     0.459        10    0.0983       0.51      0.687      0.609      0.584       1.36
 189/272         7/7    0.0963    0.0498     0.273    0.0134     0.433        15    0.0946      0.531      0.666      0.593       0.59       1.37
 190/272         7/7    0.0839    0.0467     0.264    0.0102     0.405        12     0.112      0.526      0.692      0.599      0.595       1.32
 191/272         7/7    0.0824    0.0394     0.291    0.0114     0.424        14     0.107      0.501      0.706      0.615      0.581       1.31
 192/272         7/7    0.0871    0.0413     0.279    0.0106     0.418        11     0.097      0.549      0.694      0.606       0.61        1.3
 193/272         7/7    0.0909    0.0465     0.249    0.0105     0.396        10    0.0948      0.553      0.707      0.615      0.618       1.28
 194/272         7/7    0.0966    0.0485     0.279    0.0218     0.446        14     0.102      0.503       0.72      0.622      0.589       1.29
 195/272         7/7    0.0914    0.0417     0.252   0.00973     0.395        15    0.0967      0.526      0.694      0.612      0.597        1.3
 196/272         7/7    0.0936    0.0416     0.252   0.00863     0.396        14    0.0925      0.545      0.675       0.59      0.601       1.32
 197/272         7/7    0.0832     0.043     0.255   0.00994     0.391        17    0.0963      0.521      0.682      0.589      0.589       1.33
 198/272         7/7    0.0883    0.0428     0.285   0.00909     0.425        15    0.0963      0.498      0.701      0.604       0.58       1.32
 199/272         7/7    0.0844    0.0424     0.256      0.01     0.392        20    0.0945      0.512       0.72      0.622      0.595       1.32
 200/272         7/7    0.0836    0.0459     0.269    0.0197     0.418        15    0.0944      0.508      0.692      0.609      0.581       1.29
 201/272         7/7    0.0807    0.0419     0.267   0.00888     0.399        13    0.0928      0.549      0.694      0.614       0.61       1.29
 202/272         7/7    0.0837    0.0427      0.28   0.00888     0.415        16    0.0971      0.511      0.713      0.627      0.591       1.29
 203/272         7/7    0.0883    0.0481     0.266    0.0159     0.419        16    0.0958      0.496      0.694       0.62      0.577       1.28
 204/272         7/7    0.0942    0.0427     0.266   0.00968     0.413        11    0.0947      0.504      0.687      0.609      0.578       1.27
 205/272         7/7    0.0766    0.0417      0.27    0.0129     0.401        18    0.0971      0.513      0.706      0.625      0.592       1.31
 206/272         7/7    0.0916    0.0472     0.334    0.0101     0.483        19    0.0948       0.54      0.699      0.616      0.606       1.29
 207/272         7/7    0.0944    0.0454     0.251   0.00774     0.398        17    0.0941      0.533      0.694      0.618      0.601       1.27
 208/272         7/7     0.094    0.0448     0.239   0.00808     0.386        16    0.0928       0.58      0.687      0.618      0.625       1.25
 209/272         7/7    0.0759    0.0422     0.243    0.0107     0.371        12    0.0913      0.552      0.663      0.599      0.598       1.25
 210/272         7/7    0.0848    0.0395     0.259   0.00867     0.392        23    0.0926      0.516      0.688      0.616      0.588       1.25
 211/272         7/7    0.0849    0.0449     0.286    0.0142      0.43        18     0.105      0.497      0.707      0.628      0.582       1.27
 212/272         7/7     0.092    0.0474     0.263    0.0116     0.415        13    0.0955      0.511      0.682      0.608      0.582       1.29
 213/272         7/7    0.0819    0.0427     0.248    0.0103     0.383        18    0.0946      0.551      0.711      0.625      0.618       1.31
 214/272         7/7    0.0811    0.0396     0.261   0.00976     0.392        15    0.0939      0.501      0.711       0.62      0.583       1.33
 215/272         7/7    0.0797    0.0422     0.263   0.00859     0.393        14    0.0953      0.503      0.706      0.606      0.579       1.31
 216/272         7/7    0.0787    0.0415     0.267   0.00839     0.396        17    0.0913      0.537      0.711      0.636      0.608       1.31
 217/272         7/7    0.0735    0.0416     0.252   0.00806     0.375        14    0.0928      0.523      0.675      0.611      0.589       1.26
 218/272         7/7    0.0837    0.0425     0.255   0.00822      0.39         9    0.0902      0.517      0.706      0.629      0.596       1.25
 219/272         7/7    0.0767    0.0442     0.237   0.00756     0.366        18    0.0902      0.514      0.706       0.62      0.594       1.27
 220/272         7/7    0.0853    0.0403     0.238   0.00733     0.371        18     0.117      0.551      0.663      0.599      0.601       1.27
 221/272         7/7    0.0792    0.0416     0.251   0.00911     0.381        14    0.0946      0.573      0.673      0.605      0.614       1.29
 222/272         7/7     0.073    0.0393     0.254   0.00985     0.376        22    0.0918      0.532      0.704      0.621      0.601       1.27
 223/272         7/7    0.0833    0.0459     0.277    0.0236     0.429        11    0.0944      0.491      0.692      0.603       0.57       1.28
 224/272         7/7    0.0836    0.0434     0.291   0.00824     0.427        12    0.0961      0.501      0.706      0.614      0.583       1.26
 225/272         7/7    0.0867    0.0406     0.254    0.0134     0.395        19    0.0981      0.528      0.718      0.629      0.607       1.27
 226/272         7/7    0.0704    0.0417     0.265    0.0099     0.387        15    0.0954      0.551      0.698      0.631      0.614       1.27
 227/272         7/7    0.0777    0.0398     0.277   0.00879     0.403        16    0.0926      0.504      0.692      0.612      0.583       1.28
 228/272         7/7    0.0804    0.0447     0.256    0.0178     0.399        11    0.0942      0.529       0.71      0.632      0.604        1.3
 229/272         7/7    0.0773    0.0436      0.24      0.02     0.381        12     0.094      0.543      0.698      0.624      0.608       1.31
 230/272         7/7    0.0747    0.0437     0.278    0.0163     0.413        12    0.0966      0.564      0.679      0.612      0.615       1.33
 231/272         7/7    0.0781    0.0454     0.272    0.0117     0.407        11    0.0991      0.555      0.685       0.59      0.612       1.33
 232/272         7/7    0.0715    0.0452     0.235    0.0119     0.363        11    0.0953      0.518      0.668      0.579      0.583       1.32
 233/272         7/7    0.0761    0.0425     0.266    0.0175     0.403        13     0.096      0.523      0.713      0.638      0.603       1.32
 234/272         7/7    0.0631    0.0381     0.262   0.00818     0.371        16     0.094      0.543      0.685      0.619      0.605       1.31
 235/272         7/7    0.0761     0.038     0.233   0.00716     0.354        10    0.0935      0.543      0.673      0.574      0.597       1.32
 236/272         7/7    0.0778    0.0386     0.268   0.00835     0.393        14    0.0942      0.588      0.704      0.625      0.635        1.3
 237/272         7/7    0.0817     0.041     0.239    0.0131     0.375        21     0.108      0.533      0.699      0.615      0.604       1.25
 238/272         7/7     0.073    0.0359     0.244   0.00648      0.36        13     0.111      0.529      0.713      0.635      0.607       1.24
 239/272         7/7    0.0819    0.0427     0.254    0.0115      0.39        14     0.104       0.54      0.699      0.626      0.608       1.23
 240/272         7/7    0.0667    0.0393     0.214   0.00863     0.329        14    0.0918       0.57      0.673      0.587      0.615       1.26
 241/272         7/7    0.0672    0.0371     0.227    0.0108     0.342        18    0.0925      0.583      0.699      0.632      0.633       1.29
 242/272         7/7    0.0727    0.0364     0.236   0.00655     0.351        14    0.0941      0.532      0.682      0.594      0.596       1.26
 243/272         7/7    0.0723    0.0376     0.263   0.00694      0.38        18    0.0944      0.524      0.687      0.616      0.593       1.25
 244/272         7/7    0.0829    0.0379     0.243   0.00721     0.371        12     0.117      0.486      0.675      0.573      0.563       1.26
 245/272         7/7    0.0633    0.0365     0.252   0.00816     0.359        15    0.0933      0.511      0.699      0.626      0.588       1.26
 246/272         7/7    0.0742    0.0377     0.229   0.00827     0.349        13    0.0971      0.562      0.685      0.623      0.615       1.25
 247/272         7/7    0.0846    0.0382     0.257   0.00938      0.39         9    0.0906      0.575      0.685      0.611      0.623       1.26
 248/272         7/7     0.073    0.0348     0.216   0.00629      0.33        14    0.0973      0.534      0.706      0.614      0.605       1.26
 249/272         7/7     0.073    0.0365      0.23   0.00744     0.347        13    0.0941      0.541      0.692      0.603      0.604       1.26
 250/272         7/7    0.0666    0.0402     0.239   0.00757     0.353        14    0.0927      0.545      0.711      0.626      0.612       1.28
 251/272         7/7    0.0693    0.0361     0.224   0.00859     0.338        17    0.0973      0.565      0.699      0.609       0.62       1.28
 252/272         7/7    0.0695    0.0365     0.221   0.00639     0.334        10    0.0926      0.565      0.706      0.609      0.624       1.29
 253/272         7/7    0.0721    0.0365     0.242   0.00689     0.358        15    0.0922      0.546      0.706      0.616      0.612       1.29
 254/272         7/7    0.0767    0.0429     0.221      0.04      0.38        20     0.094      0.521      0.706      0.619      0.596       1.27
 255/272         7/7    0.0822    0.0453     0.282    0.0252     0.434        14    0.0952      0.525      0.704      0.609      0.597       1.27
 256/272         7/7    0.0709    0.0351     0.231    0.0123     0.349        16    0.0954      0.527      0.704      0.616        0.6       1.24
 257/272         7/7    0.0633    0.0345     0.233   0.00612     0.337        15    0.0923      0.535      0.687      0.585      0.599       1.24
 258/272         7/7    0.0708    0.0332      0.24   0.00793     0.352        15    0.0947      0.556      0.692      0.614      0.614       1.25
 259/272         7/7    0.0651    0.0364      0.23   0.00775     0.339        13    0.0926      0.546      0.704      0.619      0.611       1.25
 260/272         7/7    0.0628    0.0373     0.248   0.00764     0.356        16    0.0937      0.551      0.711      0.622      0.618       1.27
 261/272         7/7    0.0693    0.0381     0.233   0.00779     0.348        12    0.0962      0.548      0.694      0.597       0.61       1.26
 262/272         7/7    0.0596    0.0317     0.208   0.00577     0.305        19    0.0966      0.574      0.706      0.631      0.632       1.28
 263/272         7/7      0.06    0.0332     0.245   0.00629     0.344        16    0.0954      0.571      0.711      0.635      0.633       1.27
 264/272         7/7    0.0638    0.0315     0.204   0.00601     0.305        16    0.0935      0.588      0.725      0.652      0.648       1.26
 265/272         7/7    0.0672    0.0372     0.222    0.0111     0.337         8    0.0948      0.552      0.694       0.61      0.613       1.23
 266/272         7/7    0.0681    0.0329     0.217   0.00657     0.325        20    0.0952      0.558      0.699      0.628      0.619       1.22
 267/272         7/7    0.0663    0.0328     0.247    0.0148     0.361        14    0.0973      0.546      0.699      0.629      0.612       1.22
 268/272         7/7     0.062    0.0365     0.232    0.0104     0.341        19    0.0947      0.567      0.711      0.637       0.63       1.22
 269/272         7/7    0.0574    0.0328     0.232   0.00742      0.33        18    0.0912      0.557      0.718      0.646      0.625       1.23
 270/272         7/7    0.0637    0.0355     0.218   0.00866     0.325        15    0.0975      0.549      0.718      0.644       0.62       1.23
 271/272         7/7    0.0604    0.0351     0.237    0.0156     0.348        14    0.0927      0.543      0.713      0.642      0.614       1.24
 272/272         7/7    0.0546    0.0337     0.217   0.00804     0.313        10     0.094      0.557      0.694      0.619      0.614       1.25
   0/272         7/7     0.684      1.26       115      1.15       118        11       1.9          0          0          0          0       99.3
   1/272         7/7     0.626     0.726      29.4     0.985      31.7        15    0.0895          0          0          0          0       56.2
   2/272         7/7     0.608     0.521      7.53     0.906      9.57        12    0.0917          0          0          0          0       21.5
   0/272         7/7     0.684      1.26       115      1.15       118        11      1.95          0          0          0          0       99.3
